shape_id,shape_pt_lat,shape_pt_lon,shape_pt_sequence
32b86f75-c034-4405-a0b1-c2cb7fc0cf08-PATH,42.3651136909768,-83.0718217710425,0
32b86f75-c034-4405-a0b1-c2cb7fc0cf08-PATH,42.3517621527054,-83.0642346623308,1
32b86f75-c034-4405-a0b1-c2cb7fc0cf08-PATH,42.3510779719173,-83.0664676721826,2
32b86f75-c034-4405-a0b1-c2cb7fc0cf08-PATH,42.3540957432232,-83.0682149684691,3
32b86f75-c034-4405-a0b1-c2cb7fc0cf08-PATH,42.3534017748337,-83.0704180623866,4
32b86f75-c034-4405-a0b1-c2cb7fc0cf08-PATH,42.3585542025819,-83.0733557202234,5
32b86f75-c034-4405-a0b1-c2cb7fc0cf08-PATH,42.3588309888654,-83.0734881663925,6
32b86f75-c034-4405-a0b1-c2cb7fc0cf08-PATH,42.3595199617351,-83.0734021926101,7
32b86f75-c034-4405-a0b1-c2cb7fc0cf08-PATH,42.3603938001945,-83.0724206711132,8
32b86f75-c034-4405-a0b1-c2cb7fc0cf08-PATH,42.3607059805556,-83.0722584591838,9
32b86f75-c034-4405-a0b1-c2cb7fc0cf08-PATH,42.3611247323719,-83.0722380809722,10
32b86f75-c034-4405-a0b1-c2cb7fc0cf08-PATH,42.3653338181987,-83.0746410718747,11
32b86f75-c034-4405-a0b1-c2cb7fc0cf08-PATH,42.3646618204134,-83.0768149795899,12
32b86f75-c034-4405-a0b1-c2cb7fc0cf08-PATH,42.3637858623754,-83.0765551782038,13
32b86f75-c034-4405-a0b1-c2cb7fc0cf08-PATH,42.3645360957285,-83.0741776041569,14
32b86f75-c034-4405-a0b1-c2cb7fc0cf08-PATH,42.364440740013,-83.0740754981001,15
32b86f75-c034-4405-a0b1-c2cb7fc0cf08-PATH,42.3651090910898,-83.0718965661701,16
8b7fe932-b515-432c-8c64-7adbcec53e09-PATH,42.3550567626953,-83.0557327270508,0
8b7fe932-b515-432c-8c64-7adbcec53e09-PATH,42.3550186157227,-83.0556945800781,1
8b7fe932-b515-432c-8c64-7adbcec53e09-PATH,42.3551483154297,-83.0554122924805,2
8b7fe932-b515-432c-8c64-7adbcec53e09-PATH,42.3553085327148,-83.0550003051758,3
8b7fe932-b515-432c-8c64-7adbcec53e09-PATH,42.3554267883301,-83.0546951293945,4
8b7fe932-b515-432c-8c64-7adbcec53e09-PATH,42.3554725646973,-83.0545425415039,5
8b7fe932-b515-432c-8c64-7adbcec53e09-PATH,42.3554878234863,-83.0544281005859,6
8b7fe932-b515-432c-8c64-7adbcec53e09-PATH,42.3552436828613,-83.0541915893555,7
8b7fe932-b515-432c-8c64-7adbcec53e09-PATH,42.3547897338867,-83.0538940429688,8
8b7fe932-b515-432c-8c64-7adbcec53e09-PATH,42.3543167114258,-83.0535888671875,9
8b7fe932-b515-432c-8c64-7adbcec53e09-PATH,42.3538398742676,-83.0532836914063,10
8b7fe932-b515-432c-8c64-7adbcec53e09-PATH,42.353343963623,-83.053092956543,11
8b7fe932-b515-432c-8c64-7adbcec53e09-PATH,42.352783203125,-83.0532073974609,12
8b7fe932-b515-432c-8c64-7adbcec53e09-PATH,42.3522834777832,-83.0535430908203,13
8b7fe932-b515-432c-8c64-7adbcec53e09-PATH,42.3516311645508,-83.0537338256836,14
8b7fe932-b515-432c-8c64-7adbcec53e09-PATH,42.3511085510254,-83.0535583496094,15
8b7fe932-b515-432c-8c64-7adbcec53e09-PATH,42.3506164550781,-83.0532302856445,16
8b7fe932-b515-432c-8c64-7adbcec53e09-PATH,42.350154876709,-83.0529479980469,17
8b7fe932-b515-432c-8c64-7adbcec53e09-PATH,42.3499374389648,-83.0528182983398,18
8b7fe932-b515-432c-8c64-7adbcec53e09-PATH,42.3499221801758,-83.0528030395508,19
8b7fe932-b515-432c-8c64-7adbcec53e09-PATH,42.3499221801758,-83.0527954101563,20
8b7fe932-b515-432c-8c64-7adbcec53e09-PATH,42.3499183654785,-83.0527954101563,21
8b7fe932-b515-432c-8c64-7adbcec53e09-PATH,42.3499183654785,-83.0527877807617,22
8b7fe932-b515-432c-8c64-7adbcec53e09-PATH,42.3499183654785,-83.0527801513672,23
8b7fe932-b515-432c-8c64-7adbcec53e09-PATH,42.3498725891113,-83.0527496337891,24
8b7fe932-b515-432c-8c64-7adbcec53e09-PATH,42.3497467041016,-83.0526733398438,25
8b7fe932-b515-432c-8c64-7adbcec53e09-PATH,42.3496322631836,-83.0527038574219,26
8b7fe932-b515-432c-8c64-7adbcec53e09-PATH,42.3495445251465,-83.0531005859375,27
8b7fe932-b515-432c-8c64-7adbcec53e09-PATH,42.3493576049805,-83.0536804199219,28
8b7fe932-b515-432c-8c64-7adbcec53e09-PATH,42.3491287231445,-83.0542221069336,29
8b7fe932-b515-432c-8c64-7adbcec53e09-PATH,42.3489837646484,-83.0546112060547,30
8b7fe932-b515-432c-8c64-7adbcec53e09-PATH,42.3491706848145,-83.0548324584961,31
8b7fe932-b515-432c-8c64-7adbcec53e09-PATH,42.3494300842285,-83.055061340332,32
8b7fe932-b515-432c-8c64-7adbcec53e09-PATH,42.3494911193848,-83.0551605224609,33
8b7fe932-b515-432c-8c64-7adbcec53e09-PATH,42.3493843078613,-83.0553665161133,34
8b7fe932-b515-432c-8c64-7adbcec53e09-PATH,42.3493232727051,-83.0556030273438,35
8b7fe932-b515-432c-8c64-7adbcec53e09-PATH,42.3493232727051,-83.0556335449219,36
8b7fe932-b515-432c-8c64-7adbcec53e09-PATH,42.3493270874023,-83.0556411743164,37
8b7fe932-b515-432c-8c64-7adbcec53e09-PATH,42.3493347167969,-83.0556564331055,38
8b7fe932-b515-432c-8c64-7adbcec53e09-PATH,42.3493385314941,-83.0556640625,39
8b7fe932-b515-432c-8c64-7adbcec53e09-PATH,42.3493499755859,-83.0556869506836,40
8b7fe932-b515-432c-8c64-7adbcec53e09-PATH,42.3493194580078,-83.0558166503906,41
8b7fe932-b515-432c-8c64-7adbcec53e09-PATH,42.3491554260254,-83.0560989379883,42
8b7fe932-b515-432c-8c64-7adbcec53e09-PATH,42.3491363525391,-83.0563354492188,43
8b7fe932-b515-432c-8c64-7adbcec53e09-PATH,42.3492584228516,-83.056526184082,44
8b7fe932-b515-432c-8c64-7adbcec53e09-PATH,42.3495674133301,-83.0567779541016,45
8b7fe932-b515-432c-8c64-7adbcec53e09-PATH,42.350040435791,-83.0570831298828,46
8b7fe932-b515-432c-8c64-7adbcec53e09-PATH,42.3505363464355,-83.0574111938477,47
8b7fe932-b515-432c-8c64-7adbcec53e09-PATH,42.3510131835938,-83.057731628418,48
8b7fe932-b515-432c-8c64-7adbcec53e09-PATH,42.3513717651367,-83.0579605102539,49
8b7fe932-b515-432c-8c64-7adbcec53e09-PATH,42.3514595031738,-83.0581741333008,50
8b7fe932-b515-432c-8c64-7adbcec53e09-PATH,42.3512916564941,-83.0585174560547,51
8b7fe932-b515-432c-8c64-7adbcec53e09-PATH,42.35107421875,-83.0590515136719,52
8b7fe932-b515-432c-8c64-7adbcec53e09-PATH,42.3508453369141,-83.0595474243164,53
8b7fe932-b515-432c-8c64-7adbcec53e09-PATH,42.3507118225098,-83.0598373413086,54
8b7fe932-b515-432c-8c64-7adbcec53e09-PATH,42.3507118225098,-83.0598297119141,55
8b7fe932-b515-432c-8c64-7adbcec53e09-PATH,42.350715637207,-83.0598297119141,56
8b7fe932-b515-432c-8c64-7adbcec53e09-PATH,42.3507232666016,-83.0598297119141,57
8b7fe932-b515-432c-8c64-7adbcec53e09-PATH,42.3507232666016,-83.0598220825195,58
8b7fe932-b515-432c-8c64-7adbcec53e09-PATH,42.3507194519043,-83.0598220825195,59
8b7fe932-b515-432c-8c64-7adbcec53e09-PATH,42.3507232666016,-83.059814453125,60
8b7fe932-b515-432c-8c64-7adbcec53e09-PATH,42.3507308959961,-83.0598220825195,61
8b7fe932-b515-432c-8c64-7adbcec53e09-PATH,42.3507347106934,-83.0598220825195,62
8b7fe932-b515-432c-8c64-7adbcec53e09-PATH,42.3507461547852,-83.0598220825195,63
8b7fe932-b515-432c-8c64-7adbcec53e09-PATH,42.3507499694824,-83.0598220825195,64
8b7fe932-b515-432c-8c64-7adbcec53e09-PATH,42.3507423400879,-83.0598220825195,65
8b7fe932-b515-432c-8c64-7adbcec53e09-PATH,42.3507308959961,-83.0598220825195,66
8b7fe932-b515-432c-8c64-7adbcec53e09-PATH,42.350715637207,-83.0598297119141,67
8b7fe932-b515-432c-8c64-7adbcec53e09-PATH,42.3506202697754,-83.0600814819336,68
8b7fe932-b515-432c-8c64-7adbcec53e09-PATH,42.3504753112793,-83.0604095458984,69
8b7fe932-b515-432c-8c64-7adbcec53e09-PATH,42.3502998352051,-83.0608062744141,70
8b7fe932-b515-432c-8c64-7adbcec53e09-PATH,42.3500671386719,-83.0613174438477,71
8b7fe932-b515-432c-8c64-7adbcec53e09-PATH,42.3498649597168,-83.0618286132813,72
8b7fe932-b515-432c-8c64-7adbcec53e09-PATH,42.3496627807617,-83.0623092651367,73
8b7fe932-b515-432c-8c64-7adbcec53e09-PATH,42.3495330810547,-83.0626220703125,74
8b7fe932-b515-432c-8c64-7adbcec53e09-PATH,42.3495254516602,-83.0626373291016,75
8b7fe932-b515-432c-8c64-7adbcec53e09-PATH,42.3494834899902,-83.0627822875977,76
8b7fe932-b515-432c-8c64-7adbcec53e09-PATH,42.3496208190918,-83.06298828125,77
8b7fe932-b515-432c-8c64-7adbcec53e09-PATH,42.3499984741211,-83.0632095336914,78
8b7fe932-b515-432c-8c64-7adbcec53e09-PATH,42.3503952026367,-83.0634460449219,79
8b7fe932-b515-432c-8c64-7adbcec53e09-PATH,42.3508033752441,-83.0636825561523,80
8b7fe932-b515-432c-8c64-7adbcec53e09-PATH,42.351188659668,-83.0639038085938,81
8b7fe932-b515-432c-8c64-7adbcec53e09-PATH,42.3514747619629,-83.0640640258789,82
8b7fe932-b515-432c-8c64-7adbcec53e09-PATH,42.3517074584961,-83.0641937255859,83
8b7fe932-b515-432c-8c64-7adbcec53e09-PATH,42.3517684936523,-83.0642318725586,84
8b7fe932-b515-432c-8c64-7adbcec53e09-PATH,42.3517799377441,-83.0643692016602,85
8b7fe932-b515-432c-8c64-7adbcec53e09-PATH,42.3517112731934,-83.064582824707,86
8b7fe932-b515-432c-8c64-7adbcec53e09-PATH,42.3516998291016,-83.0645904541016,87
8b7fe932-b515-432c-8c64-7adbcec53e09-PATH,42.3515777587891,-83.0648727416992,88
8b7fe932-b515-432c-8c64-7adbcec53e09-PATH,42.3513832092285,-83.0655059814453,89
8b7fe932-b515-432c-8c64-7adbcec53e09-PATH,42.3511848449707,-83.0661392211914,90
8b7fe932-b515-432c-8c64-7adbcec53e09-PATH,42.3511199951172,-83.0663986206055,91
8b7fe932-b515-432c-8c64-7adbcec53e09-PATH,42.3511848449707,-83.0665588378906,92
8b7fe932-b515-432c-8c64-7adbcec53e09-PATH,42.3515357971191,-83.0667724609375,93
8b7fe932-b515-432c-8c64-7adbcec53e09-PATH,42.3520011901855,-83.0670394897461,94
8b7fe932-b515-432c-8c64-7adbcec53e09-PATH,42.3525314331055,-83.0673446655273,95
8b7fe932-b515-432c-8c64-7adbcec53e09-PATH,42.3530616760254,-83.0676422119141,96
8b7fe932-b515-432c-8c64-7adbcec53e09-PATH,42.353572845459,-83.0679244995117,97
8b7fe932-b515-432c-8c64-7adbcec53e09-PATH,42.3539199829102,-83.0681381225586,98
8b7fe932-b515-432c-8c64-7adbcec53e09-PATH,42.3540153503418,-83.0682373046875,99
8b7fe932-b515-432c-8c64-7adbcec53e09-PATH,42.3540382385254,-83.0684814453125,100
8b7fe932-b515-432c-8c64-7adbcec53e09-PATH,42.3538818359375,-83.0689392089844,101
8b7fe932-b515-432c-8c64-7adbcec53e09-PATH,42.353702545166,-83.0694961547852,102
8b7fe932-b515-432c-8c64-7adbcec53e09-PATH,42.3535308837891,-83.0700531005859,103
8b7fe932-b515-432c-8c64-7adbcec53e09-PATH,42.3534622192383,-83.0703582763672,104
8b7fe932-b515-432c-8c64-7adbcec53e09-PATH,42.3535118103027,-83.0704879760742,105
8b7fe932-b515-432c-8c64-7adbcec53e09-PATH,42.3538398742676,-83.070686340332,106
8b7fe932-b515-432c-8c64-7adbcec53e09-PATH,42.3542785644531,-83.0709381103516,107
8b7fe932-b515-432c-8c64-7adbcec53e09-PATH,42.3543853759766,-83.0709991455078,108
8b7fe932-b515-432c-8c64-7adbcec53e09-PATH,42.3543968200684,-83.0709991455078,109
8b7fe932-b515-432c-8c64-7adbcec53e09-PATH,42.3544006347656,-83.0709991455078,110
8b7fe932-b515-432c-8c64-7adbcec53e09-PATH,42.3544044494629,-83.0710067749023,111
8b7fe932-b515-432c-8c64-7adbcec53e09-PATH,42.3544082641602,-83.0710067749023,112
8b7fe932-b515-432c-8c64-7adbcec53e09-PATH,42.3544082641602,-83.0710067749023,113
8b7fe932-b515-432c-8c64-7adbcec53e09-PATH,42.3544731140137,-83.071044921875,114
8b7fe932-b515-432c-8c64-7adbcec53e09-PATH,42.3547821044922,-83.0711822509766,115
8b7fe932-b515-432c-8c64-7adbcec53e09-PATH,42.3549880981445,-83.0712890625,116
8b7fe932-b515-432c-8c64-7adbcec53e09-PATH,42.3549919128418,-83.0712966918945,117
8b7fe932-b515-432c-8c64-7adbcec53e09-PATH,42.3549919128418,-83.0712890625,118
8b7fe932-b515-432c-8c64-7adbcec53e09-PATH,42.3549919128418,-83.0712890625,119
8b7fe932-b515-432c-8c64-7adbcec53e09-PATH,42.3549957275391,-83.0712890625,120
8b7fe932-b515-432c-8c64-7adbcec53e09-PATH,42.3550262451172,-83.0713272094727,121
8b7fe932-b515-432c-8c64-7adbcec53e09-PATH,42.3552398681641,-83.0714645385742,122
8b7fe932-b515-432c-8c64-7adbcec53e09-PATH,42.3554725646973,-83.0716018676758,123
8b7fe932-b515-432c-8c64-7adbcec53e09-PATH,42.3555679321289,-83.0716552734375,124
8b7fe932-b515-432c-8c64-7adbcec53e09-PATH,42.3556594848633,-83.0717163085938,125
8b7fe932-b515-432c-8c64-7adbcec53e09-PATH,42.3559417724609,-83.0718841552734,126
8b7fe932-b515-432c-8c64-7adbcec53e09-PATH,42.3562622070313,-83.0720672607422,127
8b7fe932-b515-432c-8c64-7adbcec53e09-PATH,42.3564796447754,-83.0721817016602,128
8b7fe932-b515-432c-8c64-7adbcec53e09-PATH,42.3565101623535,-83.0722045898438,129
8b7fe932-b515-432c-8c64-7adbcec53e09-PATH,42.3565101623535,-83.0722045898438,130
8b7fe932-b515-432c-8c64-7adbcec53e09-PATH,42.3565406799316,-83.0722274780273,131
8b7fe932-b515-432c-8c64-7adbcec53e09-PATH,42.3565483093262,-83.0722351074219,132
8b7fe932-b515-432c-8c64-7adbcec53e09-PATH,42.3566703796387,-83.0723037719727,133
8b7fe932-b515-432c-8c64-7adbcec53e09-PATH,42.3569869995117,-83.0724792480469,134
8b7fe932-b515-432c-8c64-7adbcec53e09-PATH,42.3574028015137,-83.0727081298828,135
8b7fe932-b515-432c-8c64-7adbcec53e09-PATH,42.3578262329102,-83.0729446411133,136
8b7fe932-b515-432c-8c64-7adbcec53e09-PATH,42.3582801818848,-83.0731658935547,137
8b7fe932-b515-432c-8c64-7adbcec53e09-PATH,42.3586044311523,-83.0733413696289,138
8b7fe932-b515-432c-8c64-7adbcec53e09-PATH,42.3586616516113,-83.073371887207,139
8b7fe932-b515-432c-8c64-7adbcec53e09-PATH,42.3586616516113,-83.0733795166016,140
8b7fe932-b515-432c-8c64-7adbcec53e09-PATH,42.3586959838867,-83.0734100341797,141
8b7fe932-b515-432c-8c64-7adbcec53e09-PATH,42.3589324951172,-83.0735321044922,142
8b7fe932-b515-432c-8c64-7adbcec53e09-PATH,42.3593711853027,-83.0735244750977,143
8b7fe932-b515-432c-8c64-7adbcec53e09-PATH,42.3598594665527,-83.0731658935547,144
8b7fe932-b515-432c-8c64-7adbcec53e09-PATH,42.3602828979492,-83.0726013183594,145
8b7fe932-b515-432c-8c64-7adbcec53e09-PATH,42.3608627319336,-83.0722274780273,146
8b7fe932-b515-432c-8c64-7adbcec53e09-PATH,42.361400604248,-83.0723495483398,147
8b7fe932-b515-432c-8c64-7adbcec53e09-PATH,42.361888885498,-83.072624206543,148
8b7fe932-b515-432c-8c64-7adbcec53e09-PATH,42.3622550964355,-83.0727233886719,149
8b7fe932-b515-432c-8c64-7adbcec53e09-PATH,42.3623390197754,-83.0727310180664,150
8b7fe932-b515-432c-8c64-7adbcec53e09-PATH,42.3624305725098,-83.07275390625,151
8b7fe932-b515-432c-8c64-7adbcec53e09-PATH,42.362850189209,-83.0729675292969,152
8b7fe932-b515-432c-8c64-7adbcec53e09-PATH,42.3633232116699,-83.0732345581055,153
8b7fe932-b515-432c-8c64-7adbcec53e09-PATH,42.3638191223145,-83.0735244750977,154
8b7fe932-b515-432c-8c64-7adbcec53e09-PATH,42.3643112182617,-83.0738143920898,155
8b7fe932-b515-432c-8c64-7adbcec53e09-PATH,42.3647842407227,-83.0740814208984,156
8b7fe932-b515-432c-8c64-7adbcec53e09-PATH,42.3652496337891,-83.074348449707,157
8b7fe932-b515-432c-8c64-7adbcec53e09-PATH,42.3654289245605,-83.0745697021484,158
8b7fe932-b515-432c-8c64-7adbcec53e09-PATH,42.3652877807617,-83.0749740600586,159
8b7fe932-b515-432c-8c64-7adbcec53e09-PATH,42.3650741577148,-83.0756301879883,160
8b7fe932-b515-432c-8c64-7adbcec53e09-PATH,42.364860534668,-83.076286315918,161
8b7fe932-b515-432c-8c64-7adbcec53e09-PATH,42.3647117614746,-83.0767440795898,162
8b7fe932-b515-432c-8c64-7adbcec53e09-PATH,42.3646965026855,-83.0767822265625,163
8b7fe932-b515-432c-8c64-7adbcec53e09-PATH,42.3646965026855,-83.076774597168,164
8b7fe932-b515-432c-8c64-7adbcec53e09-PATH,42.3646926879883,-83.076774597168,165
8b7fe932-b515-432c-8c64-7adbcec53e09-PATH,42.3646926879883,-83.076774597168,166
8b7fe932-b515-432c-8c64-7adbcec53e09-PATH,42.364688873291,-83.076774597168,167
8b7fe932-b515-432c-8c64-7adbcec53e09-PATH,42.3646125793457,-83.0768508911133,168
8b7fe932-b515-432c-8c64-7adbcec53e09-PATH,42.3642692565918,-83.0767517089844,169
8b7fe932-b515-432c-8c64-7adbcec53e09-PATH,42.3638648986816,-83.0765914916992,170
8b7fe932-b515-432c-8c64-7adbcec53e09-PATH,42.3638191223145,-83.0763702392578,171
8b7fe932-b515-432c-8c64-7adbcec53e09-PATH,42.363941192627,-83.0759963989258,172
8b7fe932-b515-432c-8c64-7adbcec53e09-PATH,42.3640670776367,-83.0755920410156,173
8b7fe932-b515-432c-8c64-7adbcec53e09-PATH,42.3641929626465,-83.075309753418,174
8b7fe932-b515-432c-8c64-7adbcec53e09-PATH,42.3642120361328,-83.0752487182617,175
8b7fe932-b515-432c-8c64-7adbcec53e09-PATH,42.3642158508301,-83.0752105712891,176
8b7fe932-b515-432c-8c64-7adbcec53e09-PATH,42.3642196655273,-83.0751800537109,177
8b7fe932-b515-432c-8c64-7adbcec53e09-PATH,42.3642196655273,-83.0751647949219,178
8b7fe932-b515-432c-8c64-7adbcec53e09-PATH,42.3642272949219,-83.0751419067383,179
8b7fe932-b515-432c-8c64-7adbcec53e09-PATH,42.3642234802246,-83.0751342773438,180
8b7fe932-b515-432c-8c64-7adbcec53e09-PATH,42.3642196655273,-83.0751266479492,181
8b7fe932-b515-432c-8c64-7adbcec53e09-PATH,42.3642120361328,-83.0751266479492,182
8b7fe932-b515-432c-8c64-7adbcec53e09-PATH,42.3642082214355,-83.0751266479492,183
8b7fe932-b515-432c-8c64-7adbcec53e09-PATH,42.3642120361328,-83.0751190185547,184
8b7fe932-b515-432c-8c64-7adbcec53e09-PATH,42.3642158508301,-83.0751113891602,185
8b7fe932-b515-432c-8c64-7adbcec53e09-PATH,42.3642120361328,-83.0751037597656,186
8b7fe932-b515-432c-8c64-7adbcec53e09-PATH,42.3642044067383,-83.0750885009766,187
8b7fe932-b515-432c-8c64-7adbcec53e09-PATH,42.3641967773438,-83.075080871582,188
8b7fe932-b515-432c-8c64-7adbcec53e09-PATH,42.3641929626465,-83.0750961303711,189
8b7fe932-b515-432c-8c64-7adbcec53e09-PATH,42.364185333252,-83.0751037597656,190
8b7fe932-b515-432c-8c64-7adbcec53e09-PATH,42.3641929626465,-83.0750885009766,191
8b7fe932-b515-432c-8c64-7adbcec53e09-PATH,42.3641815185547,-83.075080871582,192
8b7fe932-b515-432c-8c64-7adbcec53e09-PATH,42.3641815185547,-83.075080871582,193
8b7fe932-b515-432c-8c64-7adbcec53e09-PATH,42.364185333252,-83.075080871582,194
8b7fe932-b515-432c-8c64-7adbcec53e09-PATH,42.3641929626465,-83.0751037597656,195
8b7fe932-b515-432c-8c64-7adbcec53e09-PATH,42.3641967773438,-83.0751113891602,196
8b7fe932-b515-432c-8c64-7adbcec53e09-PATH,42.3642044067383,-83.0751266479492,197
8b7fe932-b515-432c-8c64-7adbcec53e09-PATH,42.3642082214355,-83.0751342773438,198
8b7fe932-b515-432c-8c64-7adbcec53e09-PATH,42.3642082214355,-83.0751419067383,199
8b7fe932-b515-432c-8c64-7adbcec53e09-PATH,42.3642044067383,-83.0751342773438,200
8b7fe932-b515-432c-8c64-7adbcec53e09-PATH,42.364200592041,-83.0751190185547,201
8b7fe932-b515-432c-8c64-7adbcec53e09-PATH,42.364200592041,-83.0751037597656,202
8b7fe932-b515-432c-8c64-7adbcec53e09-PATH,42.3641967773438,-83.075080871582,203
8b7fe932-b515-432c-8c64-7adbcec53e09-PATH,42.3641967773438,-83.075065612793,204
8b7fe932-b515-432c-8c64-7adbcec53e09-PATH,42.364200592041,-83.0750579833984,205
8b7fe932-b515-432c-8c64-7adbcec53e09-PATH,42.3642044067383,-83.0750427246094,206
8b7fe932-b515-432c-8c64-7adbcec53e09-PATH,42.364200592041,-83.0750350952148,207
8b7fe932-b515-432c-8c64-7adbcec53e09-PATH,42.3641967773438,-83.0750198364258,208
8b7fe932-b515-432c-8c64-7adbcec53e09-PATH,42.3641929626465,-83.0750274658203,209
8b7fe932-b515-432c-8c64-7adbcec53e09-PATH,42.3641891479492,-83.0750274658203,210
8b7fe932-b515-432c-8c64-7adbcec53e09-PATH,42.3641815185547,-83.0750274658203,211
8b7fe932-b515-432c-8c64-7adbcec53e09-PATH,42.3641738891602,-83.0750274658203,212
8b7fe932-b515-432c-8c64-7adbcec53e09-PATH,42.3641777038574,-83.0750427246094,213
8b7fe932-b515-432c-8c64-7adbcec53e09-PATH,42.3641815185547,-83.0750427246094,214
8b7fe932-b515-432c-8c64-7adbcec53e09-PATH,42.3641815185547,-83.0749969482422,215
8b7fe932-b515-432c-8c64-7adbcec53e09-PATH,42.3642501831055,-83.0747604370117,216
8b7fe932-b515-432c-8c64-7adbcec53e09-PATH,42.364372253418,-83.0744247436523,217
8b7fe932-b515-432c-8c64-7adbcec53e09-PATH,42.3644599914551,-83.074104309082,218
8b7fe932-b515-432c-8c64-7adbcec53e09-PATH,42.3644866943359,-83.0739822387695,219
8b7fe932-b515-432c-8c64-7adbcec53e09-PATH,42.3644981384277,-83.07373046875,220
8b7fe932-b515-432c-8c64-7adbcec53e09-PATH,42.3646469116211,-83.0732498168945,221
8b7fe932-b515-432c-8c64-7adbcec53e09-PATH,42.3647651672363,-83.0728988647461,222
8b7fe932-b515-432c-8c64-7adbcec53e09-PATH,42.3647651672363,-83.0728912353516,223
8b7fe932-b515-432c-8c64-7adbcec53e09-PATH,42.3647613525391,-83.0728912353516,224
8b7fe932-b515-432c-8c64-7adbcec53e09-PATH,42.3647537231445,-83.0728759765625,225
8b7fe932-b515-432c-8c64-7adbcec53e09-PATH,42.364803314209,-83.0727462768555,226
8b7fe932-b515-432c-8c64-7adbcec53e09-PATH,42.364860534668,-83.0725555419922,227
8b7fe932-b515-432c-8c64-7adbcec53e09-PATH,42.3649749755859,-83.0721588134766,228
8b7fe932-b515-432c-8c64-7adbcec53e09-PATH,42.3650817871094,-83.0718688964844,229
8b7fe932-b515-432c-8c64-7adbcec53e09-PATH,42.3650436401367,-83.0717163085938,230
8b7fe932-b515-432c-8c64-7adbcec53e09-PATH,42.3647308349609,-83.071533203125,231
8b7fe932-b515-432c-8c64-7adbcec53e09-PATH,42.3643226623535,-83.0713119506836,232
8b7fe932-b515-432c-8c64-7adbcec53e09-PATH,42.3640480041504,-83.0711822509766,233
8b7fe932-b515-432c-8c64-7adbcec53e09-PATH,42.363941192627,-83.0711135864258,234
8b7fe932-b515-432c-8c64-7adbcec53e09-PATH,42.3635749816895,-83.0709228515625,235
8b7fe932-b515-432c-8c64-7adbcec53e09-PATH,42.3630409240723,-83.0706329345703,236
8b7fe932-b515-432c-8c64-7adbcec53e09-PATH,42.3625907897949,-83.0703964233398,237
8b7fe932-b515-432c-8c64-7adbcec53e09-PATH,42.3621559143066,-83.0701599121094,238
8b7fe932-b515-432c-8c64-7adbcec53e09-PATH,42.3617324829102,-83.0699310302734,239
8b7fe932-b515-432c-8c64-7adbcec53e09-PATH,42.3613624572754,-83.0697250366211,240
8b7fe932-b515-432c-8c64-7adbcec53e09-PATH,42.3611068725586,-83.0695953369141,241
8b7fe932-b515-432c-8c64-7adbcec53e09-PATH,42.3610534667969,-83.0695724487305,242
8b7fe932-b515-432c-8c64-7adbcec53e09-PATH,42.361011505127,-83.0695190429688,243
8b7fe932-b515-432c-8c64-7adbcec53e09-PATH,42.360767364502,-83.0693664550781,244
8b7fe932-b515-432c-8c64-7adbcec53e09-PATH,42.3604049682617,-83.0691604614258,245
8b7fe932-b515-432c-8c64-7adbcec53e09-PATH,42.3600769042969,-83.0689697265625,246
8b7fe932-b515-432c-8c64-7adbcec53e09-PATH,42.3596496582031,-83.068733215332,247
8b7fe932-b515-432c-8c64-7adbcec53e09-PATH,42.3591995239258,-83.068473815918,248
8b7fe932-b515-432c-8c64-7adbcec53e09-PATH,42.3587684631348,-83.0682373046875,249
8b7fe932-b515-432c-8c64-7adbcec53e09-PATH,42.3583068847656,-83.0679931640625,250
8b7fe932-b515-432c-8c64-7adbcec53e09-PATH,42.3578605651855,-83.0677719116211,251
8b7fe932-b515-432c-8c64-7adbcec53e09-PATH,42.3575782775879,-83.067626953125,252
8b7fe932-b515-432c-8c64-7adbcec53e09-PATH,42.3575553894043,-83.0676116943359,253
8b7fe932-b515-432c-8c64-7adbcec53e09-PATH,42.357551574707,-83.0676040649414,254
8b7fe932-b515-432c-8c64-7adbcec53e09-PATH,42.3575172424316,-83.0675659179688,255
8b7fe932-b515-432c-8c64-7adbcec53e09-PATH,42.3573112487793,-83.0674133300781,256
8b7fe932-b515-432c-8c64-7adbcec53e09-PATH,42.3569602966309,-83.0672378540039,257
8b7fe932-b515-432c-8c64-7adbcec53e09-PATH,42.3565673828125,-83.0670318603516,258
8b7fe932-b515-432c-8c64-7adbcec53e09-PATH,42.3562393188477,-83.0668487548828,259
8b7fe932-b515-432c-8c64-7adbcec53e09-PATH,42.3561477661133,-83.0667877197266,260
8b7fe932-b515-432c-8c64-7adbcec53e09-PATH,42.3559646606445,-83.0666656494141,261
8b7fe932-b515-432c-8c64-7adbcec53e09-PATH,42.3556518554688,-83.0664978027344,262
8b7fe932-b515-432c-8c64-7adbcec53e09-PATH,42.3555946350098,-83.0664596557617,263
8b7fe932-b515-432c-8c64-7adbcec53e09-PATH,42.355598449707,-83.0664672851563,264
8b7fe932-b515-432c-8c64-7adbcec53e09-PATH,42.3556060791016,-83.0664749145508,265
8b7fe932-b515-432c-8c64-7adbcec53e09-PATH,42.3556098937988,-83.0664749145508,266
8b7fe932-b515-432c-8c64-7adbcec53e09-PATH,42.3556137084961,-83.0664825439453,267
8b7fe932-b515-432c-8c64-7adbcec53e09-PATH,42.3555717468262,-83.0664215087891,268
8b7fe932-b515-432c-8c64-7adbcec53e09-PATH,42.3553123474121,-83.0662612915039,269
8b7fe932-b515-432c-8c64-7adbcec53e09-PATH,42.3549537658691,-83.0660705566406,270
8b7fe932-b515-432c-8c64-7adbcec53e09-PATH,42.354606628418,-83.0658798217773,271
8b7fe932-b515-432c-8c64-7adbcec53e09-PATH,42.3541450500488,-83.0656127929688,272
8b7fe932-b515-432c-8c64-7adbcec53e09-PATH,42.3537635803223,-83.0654296875,273
8b7fe932-b515-432c-8c64-7adbcec53e09-PATH,42.3535423278809,-83.0653076171875,274
8b7fe932-b515-432c-8c64-7adbcec53e09-PATH,42.3535270690918,-83.0652618408203,275
8b7fe932-b515-432c-8c64-7adbcec53e09-PATH,42.3533935546875,-83.0651550292969,276
8b7fe932-b515-432c-8c64-7adbcec53e09-PATH,42.35302734375,-83.0649490356445,277
8b7fe932-b515-432c-8c64-7adbcec53e09-PATH,42.3524589538574,-83.0646209716797,278
8b7fe932-b515-432c-8c64-7adbcec53e09-PATH,42.3519821166992,-83.064338684082,279
8b7fe932-b515-432c-8c64-7adbcec53e09-PATH,42.351634979248,-83.0641326904297,280
8b7fe932-b515-432c-8c64-7adbcec53e09-PATH,42.351634979248,-83.0637893676758,281
8b7fe932-b515-432c-8c64-7adbcec53e09-PATH,42.351863861084,-83.0632629394531,282
8b7fe932-b515-432c-8c64-7adbcec53e09-PATH,42.3521385192871,-83.0626678466797,283
8b7fe932-b515-432c-8c64-7adbcec53e09-PATH,42.3523788452148,-83.0621337890625,284
8b7fe932-b515-432c-8c64-7adbcec53e09-PATH,42.3525772094727,-83.0616302490234,285
8b7fe932-b515-432c-8c64-7adbcec53e09-PATH,42.3527297973633,-83.0612564086914,286
8b7fe932-b515-432c-8c64-7adbcec53e09-PATH,42.3528861999512,-83.0609436035156,287
8b7fe932-b515-432c-8c64-7adbcec53e09-PATH,42.3530654907227,-83.0605545043945,288
8b7fe932-b515-432c-8c64-7adbcec53e09-PATH,42.3532485961914,-83.0601196289063,289
8b7fe932-b515-432c-8c64-7adbcec53e09-PATH,42.3534507751465,-83.0596694946289,290
8b7fe932-b515-432c-8c64-7adbcec53e09-PATH,42.3535995483398,-83.0593109130859,291
8b7fe932-b515-432c-8c64-7adbcec53e09-PATH,42.3538017272949,-83.058837890625,292
8b7fe932-b515-432c-8c64-7adbcec53e09-PATH,42.3540191650391,-83.0583343505859,293
8b7fe932-b515-432c-8c64-7adbcec53e09-PATH,42.3542518615723,-83.0578002929688,294
8b7fe932-b515-432c-8c64-7adbcec53e09-PATH,42.3544769287109,-83.0572662353516,295
8b7fe932-b515-432c-8c64-7adbcec53e09-PATH,42.3547134399414,-83.0567474365234,296
8b7fe932-b515-432c-8c64-7adbcec53e09-PATH,42.3549118041992,-83.0561752319336,297
8b7fe932-b515-432c-8c64-7adbcec53e09-PATH,42.3550186157227,-83.0557708740234,298
8b7fe932-b515-432c-8c64-7adbcec53e09-PATH,42.3550338745117,-83.0556793212891,299
8b7fe932-b515-432c-8c64-7adbcec53e09-PATH,42.355037689209,-83.0556869506836,300
8b7fe932-b515-432c-8c64-7adbcec53e09-PATH,42.3550567626953,-83.0556869506836,301
8b7fe932-b515-432c-8c64-7adbcec53e09-PATH,42.3550720214844,-83.0556945800781,302
8b7fe932-b515-432c-8c64-7adbcec53e09-PATH,42.3551025390625,-83.0556945800781,303
8b7fe932-b515-432c-8c64-7adbcec53e09-PATH,42.3551216125488,-83.0556869506836,304
8b7fe932-b515-432c-8c64-7adbcec53e09-PATH,42.3551826477051,-83.0556793212891,305
8b7fe932-b515-432c-8c64-7adbcec53e09-PATH,42.3551902770996,-83.0556793212891,306
8b7fe932-b515-432c-8c64-7adbcec53e09-PATH,42.3551788330078,-83.0556793212891,307
8b7fe932-b515-432c-8c64-7adbcec53e09-PATH,42.3551750183105,-83.0556869506836,308
